434
303
91
376
397
17
71+202j
326
496
127
74
262+454j
78
243
443
230
95
129
361
404
396
106+254j
406
262
12+25j
63
479
178
400
391
398
405+279j
425
472+443j
58
363+241j
45
169
290+266j
74+151j
478
268+377j
476
70
423
423
371
158
58
112
66
314
116+104j
103
185
239
309
384+50j
115
248
291+433j
88
364
129
414+214j
354
180
263+343j
173+382j
124+125i
429+58j
24+470j
337+77j
324
340
190
144
66+418j
364
239
335
207
461
243
302+28j
403
47
436
361
279
62
282
81
495
203
469
467
446
406+479j
428
92
339
76
409+391j
129
84
207+340j
82
229
477
385
193+95j
164
140
64
102+113j
412
412
350+97j
393
168
456+107j
489
313
202
368
68
190
76
281
348+321j
497
421+56j
282
335
355
154
401
32
202
372
427
98
75+436j
63
205
236+218j
431
286
286
281+244j
404
70
108
58
142
233
411
149
396
386
108
345
296+193j
478
413
366
116+468j
350
184
43
420
489
16
89
230+478j
121
240
311
292
483
348
386
387
1
223
129
411
354
143
246
492
383
472
88
194+372j
125
169
90
82+492j
155
412
26
481
206+191j
89+42j
39
76
333
118
425
232
489
498
496+71j
432
284
223
133
432
442
49
444
1
5
442
356
84
77
40
379
214
303
35
222
166
373
73
134
270
105
9
465
245
489
330
344+433j
164
333
287
242
75+190j
315
160
452
181
114
291
16+65j
331
336
380
278
438
250
20+328j
338
396
303
251
489
208
418
17
137
169
162
395+157j
158
394
235
221
152
358
311
436
391
132
372+31j
155
475
118
353
57
110
198
405+205j
453
151
479
119
247
7
100
50+277j
467
192
46
149+257j
165
376+50j
136
180
3*7
345
462
476+159j
212
75+468j
255
496
375
230
30
402
401
283
272
499
110
227
465+354j
450
267
54
186
10
302
158
432
17
419
304
320
196
454
229
258
470+250j
278+400j
488
485+432j
415
118
341
93
472
234+114j
409+261j
328
168
389+439j
313
309
385
413+127j
330
184
98+471j
335
175+140j
52
485
285
388
281+375j
414+59j
364+248j
478
59+282j
247
435+263j
146
449
430+136j
471
456+468j
209
120
68
8-)
98
335
295
65+256j
359
360
138
476
56
447+256j
448
383
380
159
190+350j
265+311j
349
364+136j
220
498
357
111
421
425+349j
380
39
47+76j
485
299
253+124j
166
16
110
43+245j
134
135
227
475
326
274
21
73
118
258+367j
72+202j
0
192
354
155
294
265
413
288
386
20
281+362j
259
176+28j
138
487
229+240j
154
427
386
80
173
216
319
184
132
321
188
324
128
275
302
408
323+73j
31
480
48
492
183
260
492
382
208
262
385
290+48j
292+185j
452+173j
255
86
356
363
296
35
241
138+60j
125
237
473
368
215
204
17
133
417
158
160+279j
64
270+9j
12
246
252
255
248
234
460
131+325j
485
12+279j
171
84
416
269+426j
450
213
277
283
27+74j
191
258
81
375
385
75
253
311
77
67+368j
336
46
146
382
304+462j
470+68j
229
69+94j
428
291+147j
344
149
247
445
427
188
117
362
233
357
213
395
467+160j
470+281j
160
394
477
459
412
366
425
52
414
465
133+278j
365
410
83
204
246
212
313+31j
113+215j
6
241
475
414
37
387
270
277
234+193j
442+223j
69+249j
59
447
380+22j
315+316j
435
363
159
96
291
382+233j
378
12
244
500
138
461
499
173
277
333
77+462j
78
161+69j
477
148
110
404
128
30
227
341
276
78
178+284j
253
142
358
106
469
12
50
307
109+239j
132
436
228
391
327
323
415
162
495
8+162j
120+379j
2+323j
7+349j
383
102
376
39
415
333
462
446+61j
238
328
224+131j
363
443
53
453
374
220
264
123
269
220
86
409+398j
413+48j
143
83+488j
277
305+87j
254
86
215
415
41
157
99
374
405
62
489
404
231
241+23j
292
437
238
302
147
318
9
272
327
468+122j
51+174j
408
213
223
463
208
156
431
387
106
271+75j
146+235j
450
344
86
173
312
243
38
476
466
467
152
486+256j
462+403j
428
14
55
112
415
175+201j
293+148j
465
480
380
486
439
247
330
82
397+345j
354
452
62
211
111
225
26
420
71
81
277
122
43
67
339
492+209j
480
83
179+126j
273
220
210+239j
346+205j
224
306
345
96
495+46j
119+0j
313
279
422+253j
205
316
76
276
23
307+203j
102
400
336
455
197
185
65+279j
80
455+356j
465+1j
380+455j
482
460
8
121
456+481j
45
117+157j
388
12
lO0
341
5
20
292+258j
456+184j
233
75
309
374
439
76+200j
76
421
105
56
311+45j
452+489j
177
241
281
354
191
205+122j
24
72
366
8+185j
280
204
237
335
288+284j
484+396j
204
182
278
227
350
458
400
410
329
497
224
56
130+116j
84
126
301+424j
299+202j
79
324
269+231j
230
217
448
354
373
462
31+372j
33
150
84+469j
171
152
99
336
257
341
72
100
217
270
382
372+182j
124
235
12+405j
492
217
115
68
135+272j
12
442
270
134
189
453
320
292
18
265
270
166
470+316j
426
460+370j
97
156
470+147j
194
73+80j
127
477
498
26
126
192
207
195
121
341
388+145j
499
36
486
420
169
438
231
162
110
297
444
348
72
259+121j
205
461
123+248j
498
440
180
359
347
230
174
419
499+79j
380+427j
397
347
50+234j
272
473+295j
374
426
113
456
234
229
490+441j
108
346+497j
134
41
224
80
399+280j
412+311j
357
456
339
366
327
309
40
387
76
209
14
475
471+456j
405
368
114
362
81
223+111j
388+254j
267
413+220j
285
89+453j
151
291
156
20
435
383
284
331
162
402+256j
301
333
73
465
440
143
483
322
214
3+208j
182+194j
377
336
97+254j